//
// Academic License - for use in teaching, academic research, and meeting
// course requirements at degree granting institutions only.  Not for
// government, commercial, or other organizational use.
// File: imfilter.cpp
//
// MATLAB Coder version            : 5.3
// C/C++ source code generated on  : 21-Jul-2022 16:01:17
//

// Include Files
#include "imfilter.h"
#include "rt_nonfinite.h"
#include "svd.h"
#include "coder_array.h"
#include "libmwimfilter.h"
#include "libmwippfilter.h"
#include <cmath>
#include <string.h>

// Function Definitions
//
// Arguments    : ::coder::array<float, 2U> &varargin_1
// Return Type  : void
//
namespace ITER {
namespace coder {
void b_imfilter(::coder::array<float, 2U> &varargin_1)
{
  static const bool conn[3]{true, false, true};
  ::coder::array<float, 2U> b_a;
  double kernel[3];
  double connDimsT[2];
  double finalSize[2];
  double kernelSizeT[2];
  double nonZeroKernel[2];
  double pad[2];
  double padSizeT[2];
  finalSize[0] = static_cast<double>(varargin_1.size(0));
  pad[0] = 0.0;
  finalSize[1] = static_cast<double>(varargin_1.size(1));
  pad[1] = 1.0;
  if ((varargin_1.size(0) != 0) && (varargin_1.size(1) != 0)) {
    bool tooBig;
    padImage(varargin_1, pad, b_a);
    tooBig = true;
    if ((finalSize[0] <= 65500.0) || (!(finalSize[1] > 65500.0))) {
      tooBig = false;
    }
    varargin_1.set_size(static_cast<int>(finalSize[0]),
                        static_cast<int>(finalSize[1]));
    if (!tooBig) {
      padSizeT[0] = static_cast<double>(b_a.size(0));
      padSizeT[1] = static_cast<double>(b_a.size(1));
      kernel[0] = -1.0;
      kernel[1] = 0.0;
      kernel[2] = 1.0;
      kernelSizeT[0] = 1.0;
      kernelSizeT[1] = 3.0;
      ippfilter_real32(&b_a[0], &varargin_1[0], &finalSize[0], 2.0,
                       &padSizeT[0], &kernel[0], &kernelSizeT[0], true);
    } else {
      padSizeT[0] = static_cast<double>(b_a.size(0));
      nonZeroKernel[0] = -1.0;
      connDimsT[0] = 1.0;
      padSizeT[1] = static_cast<double>(b_a.size(1));
      nonZeroKernel[1] = 1.0;
      connDimsT[1] = 3.0;
      imfilter_real32(&b_a[0], &varargin_1[0], 2.0, &finalSize[0], 2.0,
                      &padSizeT[0], &nonZeroKernel[0], 2.0, &conn[0], 2.0,
                      &connDimsT[0], &pad[0], 2.0, true, true);
    }
  }
}

//
// Arguments    : ::coder::array<float, 2U> &varargin_1
// Return Type  : void
//
void c_imfilter(::coder::array<float, 2U> &varargin_1)
{
  static const double kernel[7][7]{
      {0.0013419653598432805, 0.0040765308179236169, 0.0079399978434782879,
       0.0099158573267036573, 0.0079399978434782879, 0.0040765308179236169,
       0.0013419653598432805},
      {0.0040765308179236169, 0.012383407207635906, 0.02411958376255428,
       0.030121714902657252, 0.02411958376255428, 0.012383407207635906,
       0.0040765308179236169},
      {0.0079399978434782879, 0.02411958376255428, 0.046978534350396596,
       0.058669089490849466, 0.046978534350396596, 0.02411958376255428,
       0.0079399978434782879},
      {0.0099158573267036573, 0.030121714902657252, 0.058669089490849466,
       0.073268826056005834, 0.058669089490849466, 0.030121714902657252,
       0.0099158573267036573},
      {0.0079399978434782879, 0.02411958376255428, 0.046978534350396596,
       0.058669089490849466, 0.046978534350396596, 0.02411958376255428,
       0.0079399978434782879},
      {0.0040765308179236169, 0.012383407207635906, 0.02411958376255428,
       0.030121714902657252, 0.02411958376255428, 0.012383407207635906,
       0.0040765308179236169},
      {0.0013419653598432805, 0.0040765308179236169, 0.0079399978434782879,
       0.0099158573267036573, 0.0079399978434782879, 0.0040765308179236169,
       0.0013419653598432805}};
  static const double nonZeroKernel[49]{
      0.0013419653598432805, 0.0040765308179236169, 0.0079399978434782879,
      0.0099158573267036573, 0.0079399978434782879, 0.0040765308179236169,
      0.0013419653598432805, 0.0040765308179236169, 0.012383407207635906,
      0.02411958376255428,   0.030121714902657252,  0.02411958376255428,
      0.012383407207635906,  0.0040765308179236169, 0.0079399978434782879,
      0.02411958376255428,   0.046978534350396596,  0.058669089490849466,
      0.046978534350396596,  0.02411958376255428,   0.0079399978434782879,
      0.0099158573267036573, 0.030121714902657252,  0.058669089490849466,
      0.073268826056005834,  0.058669089490849466,  0.030121714902657252,
      0.0099158573267036573, 0.0079399978434782879, 0.02411958376255428,
      0.046978534350396596,  0.058669089490849466,  0.046978534350396596,
      0.02411958376255428,   0.0079399978434782879, 0.0040765308179236169,
      0.012383407207635906,  0.02411958376255428,   0.030121714902657252,
      0.02411958376255428,   0.012383407207635906,  0.0040765308179236169,
      0.0013419653598432805, 0.0040765308179236169, 0.0079399978434782879,
      0.0099158573267036573, 0.0079399978434782879, 0.0040765308179236169,
      0.0013419653598432805};
  ::coder::array<float, 2U> b_a;
  double connDimsT[2];
  double finalSize[2];
  double kernelSizeT[2];
  double pad[2];
  double padSizeT[2];
  int i1;
  bool conn[7][7];
  finalSize[0] = static_cast<double>(varargin_1.size(0));
  pad[0] = 3.0;
  finalSize[1] = static_cast<double>(varargin_1.size(1));
  pad[1] = 3.0;
  if ((varargin_1.size(0) != 0) && (varargin_1.size(1) != 0)) {
    bool tooBig;
    padImage(varargin_1, pad, b_a);
    tooBig = true;
    if ((finalSize[0] <= 65500.0) || (!(finalSize[1] > 65500.0))) {
      tooBig = false;
    }
    varargin_1.set_size(static_cast<int>(finalSize[0]),
                        static_cast<int>(finalSize[1]));
    if (!tooBig) {
      padSizeT[0] = static_cast<double>(b_a.size(0));
      kernelSizeT[0] = 7.0;
      padSizeT[1] = static_cast<double>(b_a.size(1));
      kernelSizeT[1] = 7.0;
      ippfilter_real32(&b_a[0], &varargin_1[0], &finalSize[0], 2.0,
                       &padSizeT[0], &kernel[0][0], &kernelSizeT[0], false);
    } else {
      padSizeT[0] = static_cast<double>(b_a.size(0));
      padSizeT[1] = static_cast<double>(b_a.size(1));
#pragma omp parallel for num_threads(omp_get_max_threads()) private(i1)

      for (int b_i = 0; b_i < 7; b_i++) {
        for (i1 = 0; i1 < 7; i1++) {
          conn[b_i][i1] = true;
        }
      }
      connDimsT[0] = 7.0;
      connDimsT[1] = 7.0;
      imfilter_real32(&b_a[0], &varargin_1[0], 2.0, &finalSize[0], 2.0,
                      &padSizeT[0], &nonZeroKernel[0], 49.0, &conn[0][0], 2.0,
                      &connDimsT[0], &pad[0], 2.0, true, false);
    }
  }
}

//
// Arguments    : ::coder::array<float, 2U> &varargin_1
// Return Type  : void
//
void d_imfilter(::coder::array<float, 2U> &varargin_1)
{
  static const double e_x[841]{
      4.762497578988648E-8,   1.1073138628049746E-7,  2.418595836966E-7,
      4.9626364363668783E-7,  9.5657320969368355E-7,  1.7321303136116663E-6,
      2.9464529177220853E-6,  4.70841835601366E-6,    7.0681731091607814E-6,
      9.96772173790034E-6,    1.320508583762077E-5,   1.643399484969634E-5,
      1.9213286523034621E-5,  2.1101667084725539E-5,  2.1771505901906385E-5,
      2.1101667084725539E-5,  1.9213286523034621E-5,  1.643399484969634E-5,
      1.320508583762077E-5,   9.96772173790034E-6,    7.0681731091607814E-6,
      4.70841835601366E-6,    2.9464529177220853E-6,  1.7321303136116663E-6,
      9.5657320969368355E-7,  4.9626364363668783E-7,  2.418595836966E-7,
      1.1073138628049746E-7,  4.762497578988648E-8,   1.1073138628049746E-7,
      2.5745818668121091E-7,  5.6234038010021961E-7,  1.15384754131824E-6,
      2.2240993476926882E-6,  4.02732363982478E-6,    6.8507082844306217E-6,
      1.0947400667459241E-5,  1.643399484969634E-5,   2.317564739487682E-5,
      3.0702744442407152E-5,  3.8210182822179428E-5,  4.4672229568919093E-5,
      4.9062845919963714E-5,  5.0620267831066813E-5,  4.9062845919963714E-5,
      4.4672229568919093E-5,  3.8210182822179428E-5,  3.0702744442407152E-5,
      2.317564739487682E-5,   1.643399484969634E-5,   1.0947400667459241E-5,
      6.8507082844306217E-6,  4.02732363982478E-6,    2.2240993476926882E-6,
      1.15384754131824E-6,    5.6234038010021961E-7,  2.5745818668121091E-7,
      1.1073138628049746E-7,  2.418595836966E-7,      5.6234038010021961E-7,
      1.2282643141692625E-6,  2.5202347353049072E-6,  4.8578795985648562E-6,
      8.79648355952219E-6,    1.4963322589514633E-5,  2.3911321414187913E-5,
      3.5895144875646433E-5,  5.0620267831066813E-5,  6.70609593053704E-5,
      8.3458712301617293E-5,  9.75731200453745E-5,    0.00010716310783930649,
      0.00011056483004031986, 0.00010716310783930649, 9.75731200453745E-5,
      8.3458712301617293E-5,  6.70609593053704E-5,    5.0620267831066813E-5,
      3.5895144875646433E-5,  2.3911321414187913E-5,  1.4963322589514633E-5,
      8.79648355952219E-6,    4.8578795985648562E-6,  2.5202347353049072E-6,
      1.2282643141692625E-6,  5.6234038010021961E-7,  2.418595836966E-7,
      4.9626364363668783E-7,  1.15384754131824E-6,    2.5202347353049072E-6,
      5.1711859147624051E-6,  9.96772173790034E-6,    1.8049212339316831E-5,
      3.0702744442407152E-5,  4.9062845919963714E-5,  7.3652055099876124E-5,
      0.00010386604562762829, 0.00013760015419691886, 0.00017124615872978079,
      0.00020020704300665763, 0.00021988442031918191, 0.00022686430107607769,
      0.00021988442031918191, 0.00020020704300665763, 0.00017124615872978079,
      0.00013760015419691886, 0.00010386604562762829, 7.3652055099876124E-5,
      4.9062845919963714E-5,  3.0702744442407152E-5,  1.8049212339316831E-5,
      9.96772173790034E-6,    5.1711859147624051E-6,  2.5202347353049072E-6,
      1.15384754131824E-6,    4.9626364363668783E-7,  9.5657320969368355E-7,
      2.2240993476926882E-6,  4.8578795985648562E-6,  9.96772173790034E-6,
      1.9213286523034621E-5,  3.4790767369819757E-5,  5.9181088871340979E-5,
      9.4571110739526937E-5,  0.00014196805196353105, 0.00020020704300665763,
      0.00026523123916539452, 0.00033008561034905177, 0.00038590917587419588,
      0.00042383831337106868, 0.00043729238566613893, 0.00042383831337106868,
      0.00038590917587419588, 0.00033008561034905177, 0.00026523123916539452,
      0.00020020704300665763, 0.00014196805196353105, 9.4571110739526937E-5,
      5.9181088871340979E-5,  3.4790767369819757E-5,  1.9213286523034621E-5,
      9.96772173790034E-6,    4.8578795985648562E-6,  2.2240993476926882E-6,
      9.5657320969368355E-7,  1.7321303136116663E-6,  4.02732363982478E-6,
      8.79648355952219E-6,    1.8049212339316831E-5,  3.4790767369819757E-5,
      6.2997941176267855E-5,  0.00010716310783930649, 0.00017124615872978079,
      0.00025707093182044413, 0.00036252812087580268, 0.00048027172914687926,
      0.000597707824114883,   0.00069879124259254743, 0.00076747203791663592,
      0.00079183421556039055, 0.00076747203791663592, 0.00069879124259254743,
      0.000597707824114883,   0.00048027172914687926, 0.00036252812087580268,
      0.00025707093182044413, 0.00017124615872978079, 0.00010716310783930649,
      6.2997941176267855E-5,  3.4790767369819757E-5,  1.8049212339316831E-5,
      8.79648355952219E-6,    4.02732363982478E-6,    1.7321303136116663E-6,
      2.9464529177220853E-6,  6.8507082844306217E-6,  1.4963322589514633E-5,
      3.0702744442407152E-5,  5.9181088871340979E-5,  0.00010716310783930649,
      0.00018229058707881985, 0.00029129952872078386, 0.00043729238566613893,
      0.00061668110714116378, 0.00081696973173665637, 0.0010167352585825414,
      0.00118868394567977,    0.0013055139140625664,  0.0013469553742324028,
      0.0013055139140625664,  0.00118868394567977,    0.0010167352585825414,
      0.00081696973173665637, 0.00061668110714116378, 0.00043729238566613893,
      0.00029129952872078386, 0.00018229058707881985, 0.00010716310783930649,
      5.9181088871340979E-5,  3.0702744442407152E-5,  1.4963322589514633E-5,
      6.8507082844306217E-6,  2.9464529177220853E-6,  4.70841835601366E-6,
      1.0947400667459241E-5,  2.3911321414187913E-5,  4.9062845919963714E-5,
      9.4571110739526937E-5,  0.00017124615872978079, 0.00029129952872078386,
      0.00046549532146857644, 0.00069879124259254743, 0.00098545360328209861,
      0.0013055139140625664,  0.0016247383170192816,  0.0018995115366256382,
      0.0020862052945192231,  0.0021524285593099318,  0.0020862052945192231,
      0.0018995115366256382,  0.0016247383170192816,  0.0013055139140625664,
      0.00098545360328209861, 0.00069879124259254743, 0.00046549532146857644,
      0.00029129952872078386, 0.00017124615872978079, 9.4571110739526937E-5,
      4.9062845919963714E-5,  2.3911321414187913E-5,  1.0947400667459241E-5,
      4.70841835601366E-6,    7.0681731091607814E-6,  1.643399484969634E-5,
      3.5895144875646433E-5,  7.3652055099876124E-5,  0.00014196805196353105,
      0.00025707093182044413, 0.00043729238566613893, 0.00069879124259254743,
      0.0010490099002144323,  0.0014793410721772144,  0.0019598085053819927,
      0.0024390210923189073,  0.0028515045496265278,  0.0031317650743749757,
      0.0032311779693223177,  0.0031317650743749757,  0.0028515045496265278,
      0.0024390210923189073,  0.0019598085053819927,  0.0014793410721772144,
      0.0010490099002144323,  0.00069879124259254743, 0.00043729238566613893,
      0.00025707093182044413, 0.00014196805196353105, 7.3652055099876124E-5,
      3.5895144875646433E-5,  1.643399484969634E-5,   7.0681731091607814E-6,
      9.96772173790034E-6,    2.317564739487682E-5,   5.0620267831066813E-5,
      0.00010386604562762829, 0.00020020704300665763, 0.00036252812087580268,
      0.00061668110714116378, 0.00098545360328209861, 0.0014793410721772144,
      0.0020862052945192231,  0.0027637729777585307,  0.0034395710441210686,
      0.0040212659545924428,  0.0044164966431546448,  0.0045566912958167217,
      0.0044164966431546448,  0.0040212659545924428,  0.0034395710441210686,
      0.0027637729777585307,  0.0020862052945192231,  0.0014793410721772144,
      0.00098545360328209861, 0.00061668110714116378, 0.00036252812087580268,
      0.00020020704300665763, 0.00010386604562762829, 5.0620267831066813E-5,
      2.317564739487682E-5,   9.96772173790034E-6,    1.320508583762077E-5,
      3.0702744442407152E-5,  6.70609593053704E-5,    0.00013760015419691886,
      0.00026523123916539452, 0.00048027172914687926, 0.00081696973173665637,
      0.0013055139140625664,  0.0019598085053819927,  0.0027637729777585307,
      0.0036614043175211934,  0.0045566912958167217,  0.0053273118474393517,
      0.0058509074398284712,  0.0060366351789304775,  0.0058509074398284712,
      0.0053273118474393517,  0.0045566912958167217,  0.0036614043175211934,
      0.0027637729777585307,  0.0019598085053819927,  0.0013055139140625664,
      0.00081696973173665637, 0.00048027172914687926, 0.00026523123916539452,
      0.00013760015419691886, 6.70609593053704E-5,    3.0702744442407152E-5,
      1.320508583762077E-5,   1.643399484969634E-5,   3.8210182822179428E-5,
      8.3458712301617293E-5,  0.00017124615872978079, 0.00033008561034905177,
      0.000597707824114883,   0.0010167352585825414,  0.0016247383170192816,
      0.0024390210923189073,  0.0034395710441210686,  0.0045566912958167217,
      0.0056708939425266546,  0.0066299467144788158,  0.0072815719575447758,
      0.0075127138634271586,  0.0072815719575447758,  0.0066299467144788158,
      0.0056708939425266546,  0.0045566912958167217,  0.0034395710441210686,
      0.0024390210923189073,  0.0016247383170192816,  0.0010167352585825414,
      0.000597707824114883,   0.00033008561034905177, 0.00017124615872978079,
      8.3458712301617293E-5,  3.8210182822179428E-5,  1.643399484969634E-5,
      1.9213286523034621E-5,  4.4672229568919093E-5,  9.75731200453745E-5,
      0.00020020704300665763, 0.00038590917587419588, 0.00069879124259254743,
      0.00118868394567977,    0.0018995115366256382,  0.0028515045496265278,
      0.0040212659545924428,  0.0053273118474393517,  0.0066299467144788158,
      0.0077511930010180849,  0.0085130200926761858,  0.0087832523585260544,
      0.0085130200926761858,  0.0077511930010180849,  0.0066299467144788158,
      0.0053273118474393517,  0.0040212659545924428,  0.0028515045496265278,
      0.0018995115366256382,  0.00118868394567977,    0.00069879124259254743,
      0.00038590917587419588, 0.00020020704300665763, 9.75731200453745E-5,
      4.4672229568919093E-5,  1.9213286523034621E-5,  2.1101667084725539E-5,
      4.9062845919963714E-5,  0.00010716310783930649, 0.00021988442031918191,
      0.00042383831337106868, 0.00076747203791663592, 0.0013055139140625664,
      0.0020862052945192231,  0.0031317650743749757,  0.0044164966431546448,
      0.0058509074398284712,  0.0072815719575447758,  0.0085130200926761858,
      0.0093497234669282052,  0.00964651554894283,    0.0093497234669282052,
      0.0085130200926761858,  0.0072815719575447758,  0.0058509074398284712,
      0.0044164966431546448,  0.0031317650743749757,  0.0020862052945192231,
      0.0013055139140625664,  0.00076747203791663592, 0.00042383831337106868,
      0.00021988442031918191, 0.00010716310783930649, 4.9062845919963714E-5,
      2.1101667084725539E-5,  2.1771505901906385E-5,  5.0620267831066813E-5,
      0.00011056483004031986, 0.00022686430107607769, 0.00043729238566613893,
      0.00079183421556039055, 0.0013469553742324028,  0.0021524285593099318,
      0.0032311779693223177,  0.0045566912958167217,  0.0060366351789304775,
      0.0075127138634271586,  0.0087832523585260544,  0.00964651554894283,
      0.0099527288229593527,  0.00964651554894283,    0.0087832523585260544,
      0.0075127138634271586,  0.0060366351789304775,  0.0045566912958167217,
      0.0032311779693223177,  0.0021524285593099318,  0.0013469553742324028,
      0.00079183421556039055, 0.00043729238566613893, 0.00022686430107607769,
      0.00011056483004031986, 5.0620267831066813E-5,  2.1771505901906385E-5,
      2.1101667084725539E-5,  4.9062845919963714E-5,  0.00010716310783930649,
      0.00021988442031918191, 0.00042383831337106868, 0.00076747203791663592,
      0.0013055139140625664,  0.0020862052945192231,  0.0031317650743749757,
      0.0044164966431546448,  0.0058509074398284712,  0.0072815719575447758,
      0.0085130200926761858,  0.0093497234669282052,  0.00964651554894283,
      0.0093497234669282052,  0.0085130200926761858,  0.0072815719575447758,
      0.0058509074398284712,  0.0044164966431546448,  0.0031317650743749757,
      0.0020862052945192231,  0.0013055139140625664,  0.00076747203791663592,
      0.00042383831337106868, 0.00021988442031918191, 0.00010716310783930649,
      4.9062845919963714E-5,  2.1101667084725539E-5,  1.9213286523034621E-5,
      4.4672229568919093E-5,  9.75731200453745E-5,    0.00020020704300665763,
      0.00038590917587419588, 0.00069879124259254743, 0.00118868394567977,
      0.0018995115366256382,  0.0028515045496265278,  0.0040212659545924428,
      0.0053273118474393517,  0.0066299467144788158,  0.0077511930010180849,
      0.0085130200926761858,  0.0087832523585260544,  0.0085130200926761858,
      0.0077511930010180849,  0.0066299467144788158,  0.0053273118474393517,
      0.0040212659545924428,  0.0028515045496265278,  0.0018995115366256382,
      0.00118868394567977,    0.00069879124259254743, 0.00038590917587419588,
      0.00020020704300665763, 9.75731200453745E-5,    4.4672229568919093E-5,
      1.9213286523034621E-5,  1.643399484969634E-5,   3.8210182822179428E-5,
      8.3458712301617293E-5,  0.00017124615872978079, 0.00033008561034905177,
      0.000597707824114883,   0.0010167352585825414,  0.0016247383170192816,
      0.0024390210923189073,  0.0034395710441210686,  0.0045566912958167217,
      0.0056708939425266546,  0.0066299467144788158,  0.0072815719575447758,
      0.0075127138634271586,  0.0072815719575447758,  0.0066299467144788158,
      0.0056708939425266546,  0.0045566912958167217,  0.0034395710441210686,
      0.0024390210923189073,  0.0016247383170192816,  0.0010167352585825414,
      0.000597707824114883,   0.00033008561034905177, 0.00017124615872978079,
      8.3458712301617293E-5,  3.8210182822179428E-5,  1.643399484969634E-5,
      1.320508583762077E-5,   3.0702744442407152E-5,  6.70609593053704E-5,
      0.00013760015419691886, 0.00026523123916539452, 0.00048027172914687926,
      0.00081696973173665637, 0.0013055139140625664,  0.0019598085053819927,
      0.0027637729777585307,  0.0036614043175211934,  0.0045566912958167217,
      0.0053273118474393517,  0.0058509074398284712,  0.0060366351789304775,
      0.0058509074398284712,  0.0053273118474393517,  0.0045566912958167217,
      0.0036614043175211934,  0.0027637729777585307,  0.0019598085053819927,
      0.0013055139140625664,  0.00081696973173665637, 0.00048027172914687926,
      0.00026523123916539452, 0.00013760015419691886, 6.70609593053704E-5,
      3.0702744442407152E-5,  1.320508583762077E-5,   9.96772173790034E-6,
      2.317564739487682E-5,   5.0620267831066813E-5,  0.00010386604562762829,
      0.00020020704300665763, 0.00036252812087580268, 0.00061668110714116378,
      0.00098545360328209861, 0.0014793410721772144,  0.0020862052945192231,
      0.0027637729777585307,  0.0034395710441210686,  0.0040212659545924428,
      0.0044164966431546448,  0.0045566912958167217,  0.0044164966431546448,
      0.0040212659545924428,  0.0034395710441210686,  0.0027637729777585307,
      0.0020862052945192231,  0.0014793410721772144,  0.00098545360328209861,
      0.00061668110714116378, 0.00036252812087580268, 0.00020020704300665763,
      0.00010386604562762829, 5.0620267831066813E-5,  2.317564739487682E-5,
      9.96772173790034E-6,    7.0681731091607814E-6,  1.643399484969634E-5,
      3.5895144875646433E-5,  7.3652055099876124E-5,  0.00014196805196353105,
      0.00025707093182044413, 0.00043729238566613893, 0.00069879124259254743,
      0.0010490099002144323,  0.0014793410721772144,  0.0019598085053819927,
      0.0024390210923189073,  0.0028515045496265278,  0.0031317650743749757,
      0.0032311779693223177,  0.0031317650743749757,  0.0028515045496265278,
      0.0024390210923189073,  0.0019598085053819927,  0.0014793410721772144,
      0.0010490099002144323,  0.00069879124259254743, 0.00043729238566613893,
      0.00025707093182044413, 0.00014196805196353105, 7.3652055099876124E-5,
      3.5895144875646433E-5,  1.643399484969634E-5,   7.0681731091607814E-6,
      4.70841835601366E-6,    1.0947400667459241E-5,  2.3911321414187913E-5,
      4.9062845919963714E-5,  9.4571110739526937E-5,  0.00017124615872978079,
      0.00029129952872078386, 0.00046549532146857644, 0.00069879124259254743,
      0.00098545360328209861, 0.0013055139140625664,  0.0016247383170192816,
      0.0018995115366256382,  0.0020862052945192231,  0.0021524285593099318,
      0.0020862052945192231,  0.0018995115366256382,  0.0016247383170192816,
      0.0013055139140625664,  0.00098545360328209861, 0.00069879124259254743,
      0.00046549532146857644, 0.00029129952872078386, 0.00017124615872978079,
      9.4571110739526937E-5,  4.9062845919963714E-5,  2.3911321414187913E-5,
      1.0947400667459241E-5,  4.70841835601366E-6,    2.9464529177220853E-6,
      6.8507082844306217E-6,  1.4963322589514633E-5,  3.0702744442407152E-5,
      5.9181088871340979E-5,  0.00010716310783930649, 0.00018229058707881985,
      0.00029129952872078386, 0.00043729238566613893, 0.00061668110714116378,
      0.00081696973173665637, 0.0010167352585825414,  0.00118868394567977,
      0.0013055139140625664,  0.0013469553742324028,  0.0013055139140625664,
      0.00118868394567977,    0.0010167352585825414,  0.00081696973173665637,
      0.00061668110714116378, 0.00043729238566613893, 0.00029129952872078386,
      0.00018229058707881985, 0.00010716310783930649, 5.9181088871340979E-5,
      3.0702744442407152E-5,  1.4963322589514633E-5,  6.8507082844306217E-6,
      2.9464529177220853E-6,  1.7321303136116663E-6,  4.02732363982478E-6,
      8.79648355952219E-6,    1.8049212339316831E-5,  3.4790767369819757E-5,
      6.2997941176267855E-5,  0.00010716310783930649, 0.00017124615872978079,
      0.00025707093182044413, 0.00036252812087580268, 0.00048027172914687926,
      0.000597707824114883,   0.00069879124259254743, 0.00076747203791663592,
      0.00079183421556039055, 0.00076747203791663592, 0.00069879124259254743,
      0.000597707824114883,   0.00048027172914687926, 0.00036252812087580268,
      0.00025707093182044413, 0.00017124615872978079, 0.00010716310783930649,
      6.2997941176267855E-5,  3.4790767369819757E-5,  1.8049212339316831E-5,
      8.79648355952219E-6,    4.02732363982478E-6,    1.7321303136116663E-6,
      9.5657320969368355E-7,  2.2240993476926882E-6,  4.8578795985648562E-6,
      9.96772173790034E-6,    1.9213286523034621E-5,  3.4790767369819757E-5,
      5.9181088871340979E-5,  9.4571110739526937E-5,  0.00014196805196353105,
      0.00020020704300665763, 0.00026523123916539452, 0.00033008561034905177,
      0.00038590917587419588, 0.00042383831337106868, 0.00043729238566613893,
      0.00042383831337106868, 0.00038590917587419588, 0.00033008561034905177,
      0.00026523123916539452, 0.00020020704300665763, 0.00014196805196353105,
      9.4571110739526937E-5,  5.9181088871340979E-5,  3.4790767369819757E-5,
      1.9213286523034621E-5,  9.96772173790034E-6,    4.8578795985648562E-6,
      2.2240993476926882E-6,  9.5657320969368355E-7,  4.9626364363668783E-7,
      1.15384754131824E-6,    2.5202347353049072E-6,  5.1711859147624051E-6,
      9.96772173790034E-6,    1.8049212339316831E-5,  3.0702744442407152E-5,
      4.9062845919963714E-5,  7.3652055099876124E-5,  0.00010386604562762829,
      0.00013760015419691886, 0.00017124615872978079, 0.00020020704300665763,
      0.00021988442031918191, 0.00022686430107607769, 0.00021988442031918191,
      0.00020020704300665763, 0.00017124615872978079, 0.00013760015419691886,
      0.00010386604562762829, 7.3652055099876124E-5,  4.9062845919963714E-5,
      3.0702744442407152E-5,  1.8049212339316831E-5,  9.96772173790034E-6,
      5.1711859147624051E-6,  2.5202347353049072E-6,  1.15384754131824E-6,
      4.9626364363668783E-7,  2.418595836966E-7,      5.6234038010021961E-7,
      1.2282643141692625E-6,  2.5202347353049072E-6,  4.8578795985648562E-6,
      8.79648355952219E-6,    1.4963322589514633E-5,  2.3911321414187913E-5,
      3.5895144875646433E-5,  5.0620267831066813E-5,  6.70609593053704E-5,
      8.3458712301617293E-5,  9.75731200453745E-5,    0.00010716310783930649,
      0.00011056483004031986, 0.00010716310783930649, 9.75731200453745E-5,
      8.3458712301617293E-5,  6.70609593053704E-5,    5.0620267831066813E-5,
      3.5895144875646433E-5,  2.3911321414187913E-5,  1.4963322589514633E-5,
      8.79648355952219E-6,    4.8578795985648562E-6,  2.5202347353049072E-6,
      1.2282643141692625E-6,  5.6234038010021961E-7,  2.418595836966E-7,
      1.1073138628049746E-7,  2.5745818668121091E-7,  5.6234038010021961E-7,
      1.15384754131824E-6,    2.2240993476926882E-6,  4.02732363982478E-6,
      6.8507082844306217E-6,  1.0947400667459241E-5,  1.643399484969634E-5,
      2.317564739487682E-5,   3.0702744442407152E-5,  3.8210182822179428E-5,
      4.4672229568919093E-5,  4.9062845919963714E-5,  5.0620267831066813E-5,
      4.9062845919963714E-5,  4.4672229568919093E-5,  3.8210182822179428E-5,
      3.0702744442407152E-5,  2.317564739487682E-5,   1.643399484969634E-5,
      1.0947400667459241E-5,  6.8507082844306217E-6,  4.02732363982478E-6,
      2.2240993476926882E-6,  1.15384754131824E-6,    5.6234038010021961E-7,
      2.5745818668121091E-7,  1.1073138628049746E-7,  4.762497578988648E-8,
      1.1073138628049746E-7,  2.418595836966E-7,      4.9626364363668783E-7,
      9.5657320969368355E-7,  1.7321303136116663E-6,  2.9464529177220853E-6,
      4.70841835601366E-6,    7.0681731091607814E-6,  9.96772173790034E-6,
      1.320508583762077E-5,   1.643399484969634E-5,   1.9213286523034621E-5,
      2.1101667084725539E-5,  2.1771505901906385E-5,  2.1101667084725539E-5,
      1.9213286523034621E-5,  1.643399484969634E-5,   1.320508583762077E-5,
      9.96772173790034E-6,    7.0681731091607814E-6,  4.70841835601366E-6,
      2.9464529177220853E-6,  1.7321303136116663E-6,  9.5657320969368355E-7,
      4.9626364363668783E-7,  2.418595836966E-7,      1.1073138628049746E-7,
      4.762497578988648E-8};
  static const double x_h[29][29]{
      {4.762497578988648E-8,  1.1073138628049746E-7, 2.418595836966E-7,
       4.9626364363668783E-7, 9.5657320969368355E-7, 1.7321303136116663E-6,
       2.9464529177220853E-6, 4.70841835601366E-6,   7.0681731091607814E-6,
       9.96772173790034E-6,   1.320508583762077E-5,  1.643399484969634E-5,
       1.9213286523034621E-5, 2.1101667084725539E-5, 2.1771505901906385E-5,
       2.1101667084725539E-5, 1.9213286523034621E-5, 1.643399484969634E-5,
       1.320508583762077E-5,  9.96772173790034E-6,   7.0681731091607814E-6,
       4.70841835601366E-6,   2.9464529177220853E-6, 1.7321303136116663E-6,
       9.5657320969368355E-7, 4.9626364363668783E-7, 2.418595836966E-7,
       1.1073138628049746E-7, 4.762497578988648E-8},
      {1.1073138628049746E-7, 2.5745818668121091E-7, 5.6234038010021961E-7,
       1.15384754131824E-6,   2.2240993476926882E-6, 4.02732363982478E-6,
       6.8507082844306217E-6, 1.0947400667459241E-5, 1.643399484969634E-5,
       2.317564739487682E-5,  3.0702744442407152E-5, 3.8210182822179428E-5,
       4.4672229568919093E-5, 4.9062845919963714E-5, 5.0620267831066813E-5,
       4.9062845919963714E-5, 4.4672229568919093E-5, 3.8210182822179428E-5,
       3.0702744442407152E-5, 2.317564739487682E-5,  1.643399484969634E-5,
       1.0947400667459241E-5, 6.8507082844306217E-6, 4.02732363982478E-6,
       2.2240993476926882E-6, 1.15384754131824E-6,   5.6234038010021961E-7,
       2.5745818668121091E-7, 1.1073138628049746E-7},
      {2.418595836966E-7,      5.6234038010021961E-7,  1.2282643141692625E-6,
       2.5202347353049072E-6,  4.8578795985648562E-6,  8.79648355952219E-6,
       1.4963322589514633E-5,  2.3911321414187913E-5,  3.5895144875646433E-5,
       5.0620267831066813E-5,  6.70609593053704E-5,    8.3458712301617293E-5,
       9.75731200453745E-5,    0.00010716310783930649, 0.00011056483004031986,
       0.00010716310783930649, 9.75731200453745E-5,    8.3458712301617293E-5,
       6.70609593053704E-5,    5.0620267831066813E-5,  3.5895144875646433E-5,
       2.3911321414187913E-5,  1.4963322589514633E-5,  8.79648355952219E-6,
       4.8578795985648562E-6,  2.5202347353049072E-6,  1.2282643141692625E-6,
       5.6234038010021961E-7,  2.418595836966E-7},
      {4.9626364363668783E-7,  1.15384754131824E-6,    2.5202347353049072E-6,
       5.1711859147624051E-6,  9.96772173790034E-6,    1.8049212339316831E-5,
       3.0702744442407152E-5,  4.9062845919963714E-5,  7.3652055099876124E-5,
       0.00010386604562762829, 0.00013760015419691886, 0.00017124615872978079,
       0.00020020704300665763, 0.00021988442031918191, 0.00022686430107607769,
       0.00021988442031918191, 0.00020020704300665763, 0.00017124615872978079,
       0.00013760015419691886, 0.00010386604562762829, 7.3652055099876124E-5,
       4.9062845919963714E-5,  3.0702744442407152E-5,  1.8049212339316831E-5,
       9.96772173790034E-6,    5.1711859147624051E-6,  2.5202347353049072E-6,
       1.15384754131824E-6,    4.9626364363668783E-7},
      {9.5657320969368355E-7,  2.2240993476926882E-6,  4.8578795985648562E-6,
       9.96772173790034E-6,    1.9213286523034621E-5,  3.4790767369819757E-5,
       5.9181088871340979E-5,  9.4571110739526937E-5,  0.00014196805196353105,
       0.00020020704300665763, 0.00026523123916539452, 0.00033008561034905177,
       0.00038590917587419588, 0.00042383831337106868, 0.00043729238566613893,
       0.00042383831337106868, 0.00038590917587419588, 0.00033008561034905177,
       0.00026523123916539452, 0.00020020704300665763, 0.00014196805196353105,
       9.4571110739526937E-5,  5.9181088871340979E-5,  3.4790767369819757E-5,
       1.9213286523034621E-5,  9.96772173790034E-6,    4.8578795985648562E-6,
       2.2240993476926882E-6,  9.5657320969368355E-7},
      {1.7321303136116663E-6,  4.02732363982478E-6,    8.79648355952219E-6,
       1.8049212339316831E-5,  3.4790767369819757E-5,  6.2997941176267855E-5,
       0.00010716310783930649, 0.00017124615872978079, 0.00025707093182044413,
       0.00036252812087580268, 0.00048027172914687926, 0.000597707824114883,
       0.00069879124259254743, 0.00076747203791663592, 0.00079183421556039055,
       0.00076747203791663592, 0.00069879124259254743, 0.000597707824114883,
       0.00048027172914687926, 0.00036252812087580268, 0.00025707093182044413,
       0.00017124615872978079, 0.00010716310783930649, 6.2997941176267855E-5,
       3.4790767369819757E-5,  1.8049212339316831E-5,  8.79648355952219E-6,
       4.02732363982478E-6,    1.7321303136116663E-6},
      {2.9464529177220853E-6,  6.8507082844306217E-6,  1.4963322589514633E-5,
       3.0702744442407152E-5,  5.9181088871340979E-5,  0.00010716310783930649,
       0.00018229058707881985, 0.00029129952872078386, 0.00043729238566613893,
       0.00061668110714116378, 0.00081696973173665637, 0.0010167352585825414,
       0.00118868394567977,    0.0013055139140625664,  0.0013469553742324028,
       0.0013055139140625664,  0.00118868394567977,    0.0010167352585825414,
       0.00081696973173665637, 0.00061668110714116378, 0.00043729238566613893,
       0.00029129952872078386, 0.00018229058707881985, 0.00010716310783930649,
       5.9181088871340979E-5,  3.0702744442407152E-5,  1.4963322589514633E-5,
       6.8507082844306217E-6,  2.9464529177220853E-6},
      {4.70841835601366E-6,    1.0947400667459241E-5,  2.3911321414187913E-5,
       4.9062845919963714E-5,  9.4571110739526937E-5,  0.00017124615872978079,
       0.00029129952872078386, 0.00046549532146857644, 0.00069879124259254743,
       0.00098545360328209861, 0.0013055139140625664,  0.0016247383170192816,
       0.0018995115366256382,  0.0020862052945192231,  0.0021524285593099318,
       0.0020862052945192231,  0.0018995115366256382,  0.0016247383170192816,
       0.0013055139140625664,  0.00098545360328209861, 0.00069879124259254743,
       0.00046549532146857644, 0.00029129952872078386, 0.00017124615872978079,
       9.4571110739526937E-5,  4.9062845919963714E-5,  2.3911321414187913E-5,
       1.0947400667459241E-5,  4.70841835601366E-6},
      {7.0681731091607814E-6,  1.643399484969634E-5,   3.5895144875646433E-5,
       7.3652055099876124E-5,  0.00014196805196353105, 0.00025707093182044413,
       0.00043729238566613893, 0.00069879124259254743, 0.0010490099002144323,
       0.0014793410721772144,  0.0019598085053819927,  0.0024390210923189073,
       0.0028515045496265278,  0.0031317650743749757,  0.0032311779693223177,
       0.0031317650743749757,  0.0028515045496265278,  0.0024390210923189073,
       0.0019598085053819927,  0.0014793410721772144,  0.0010490099002144323,
       0.00069879124259254743, 0.00043729238566613893, 0.00025707093182044413,
       0.00014196805196353105, 7.3652055099876124E-5,  3.5895144875646433E-5,
       1.643399484969634E-5,   7.0681731091607814E-6},
      {9.96772173790034E-6,    2.317564739487682E-5,   5.0620267831066813E-5,
       0.00010386604562762829, 0.00020020704300665763, 0.00036252812087580268,
       0.00061668110714116378, 0.00098545360328209861, 0.0014793410721772144,
       0.0020862052945192231,  0.0027637729777585307,  0.0034395710441210686,
       0.0040212659545924428,  0.0044164966431546448,  0.0045566912958167217,
       0.0044164966431546448,  0.0040212659545924428,  0.0034395710441210686,
       0.0027637729777585307,  0.0020862052945192231,  0.0014793410721772144,
       0.00098545360328209861, 0.00061668110714116378, 0.00036252812087580268,
       0.00020020704300665763, 0.00010386604562762829, 5.0620267831066813E-5,
       2.317564739487682E-5,   9.96772173790034E-6},
      {1.320508583762077E-5,   3.0702744442407152E-5,  6.70609593053704E-5,
       0.00013760015419691886, 0.00026523123916539452, 0.00048027172914687926,
       0.00081696973173665637, 0.0013055139140625664,  0.0019598085053819927,
       0.0027637729777585307,  0.0036614043175211934,  0.0045566912958167217,
       0.0053273118474393517,  0.0058509074398284712,  0.0060366351789304775,
       0.0058509074398284712,  0.0053273118474393517,  0.0045566912958167217,
       0.0036614043175211934,  0.0027637729777585307,  0.0019598085053819927,
       0.0013055139140625664,  0.00081696973173665637, 0.00048027172914687926,
       0.00026523123916539452, 0.00013760015419691886, 6.70609593053704E-5,
       3.0702744442407152E-5,  1.320508583762077E-5},
      {1.643399484969634E-5,   3.8210182822179428E-5,  8.3458712301617293E-5,
       0.00017124615872978079, 0.00033008561034905177, 0.000597707824114883,
       0.0010167352585825414,  0.0016247383170192816,  0.0024390210923189073,
       0.0034395710441210686,  0.0045566912958167217,  0.0056708939425266546,
       0.0066299467144788158,  0.0072815719575447758,  0.0075127138634271586,
       0.0072815719575447758,  0.0066299467144788158,  0.0056708939425266546,
       0.0045566912958167217,  0.0034395710441210686,  0.0024390210923189073,
       0.0016247383170192816,  0.0010167352585825414,  0.000597707824114883,
       0.00033008561034905177, 0.00017124615872978079, 8.3458712301617293E-5,
       3.8210182822179428E-5,  1.643399484969634E-5},
      {1.9213286523034621E-5,  4.4672229568919093E-5,  9.75731200453745E-5,
       0.00020020704300665763, 0.00038590917587419588, 0.00069879124259254743,
       0.00118868394567977,    0.0018995115366256382,  0.0028515045496265278,
       0.0040212659545924428,  0.0053273118474393517,  0.0066299467144788158,
       0.0077511930010180849,  0.0085130200926761858,  0.0087832523585260544,
       0.0085130200926761858,  0.0077511930010180849,  0.0066299467144788158,
       0.0053273118474393517,  0.0040212659545924428,  0.0028515045496265278,
       0.0018995115366256382,  0.00118868394567977,    0.00069879124259254743,
       0.00038590917587419588, 0.00020020704300665763, 9.75731200453745E-5,
       4.4672229568919093E-5,  1.9213286523034621E-5},
      {2.1101667084725539E-5,  4.9062845919963714E-5,  0.00010716310783930649,
       0.00021988442031918191, 0.00042383831337106868, 0.00076747203791663592,
       0.0013055139140625664,  0.0020862052945192231,  0.0031317650743749757,
       0.0044164966431546448,  0.0058509074398284712,  0.0072815719575447758,
       0.0085130200926761858,  0.0093497234669282052,  0.00964651554894283,
       0.0093497234669282052,  0.0085130200926761858,  0.0072815719575447758,
       0.0058509074398284712,  0.0044164966431546448,  0.0031317650743749757,
       0.0020862052945192231,  0.0013055139140625664,  0.00076747203791663592,
       0.00042383831337106868, 0.00021988442031918191, 0.00010716310783930649,
       4.9062845919963714E-5,  2.1101667084725539E-5},
      {2.1771505901906385E-5,  5.0620267831066813E-5,  0.00011056483004031986,
       0.00022686430107607769, 0.00043729238566613893, 0.00079183421556039055,
       0.0013469553742324028,  0.0021524285593099318,  0.0032311779693223177,
       0.0045566912958167217,  0.0060366351789304775,  0.0075127138634271586,
       0.0087832523585260544,  0.00964651554894283,    0.0099527288229593527,
       0.00964651554894283,    0.0087832523585260544,  0.0075127138634271586,
       0.0060366351789304775,  0.0045566912958167217,  0.0032311779693223177,
       0.0021524285593099318,  0.0013469553742324028,  0.00079183421556039055,
       0.00043729238566613893, 0.00022686430107607769, 0.00011056483004031986,
       5.0620267831066813E-5,  2.1771505901906385E-5},
      {2.1101667084725539E-5,  4.9062845919963714E-5,  0.00010716310783930649,
       0.00021988442031918191, 0.00042383831337106868, 0.00076747203791663592,
       0.0013055139140625664,  0.0020862052945192231,  0.0031317650743749757,
